xPix,yPix,label
110,7,1
289,263,1
67,239,1
192,158,1
127,202,1
97,129,1
104,215,1
292,227,1
263,178,1
77,20,1
112,189,1
64,27,1
121,194,1
244,257,1
205,260,1
155,75,1
176,259,1
40,41,1
24,228,1
262,264,1
207,244,1
75,63,1
191,169,1
166,285,1
144,296,1
39,201,1
303,197,1
193,146,1
118,60,1
272,270,1
137,72,1
236,258,1
125,69,1
59,28,1
159,5,1
152,282,1
146,4,1
192,97,1
78,65,1
121,131,1
226,256,1
138,233,1
104,111,1
165,274,1
110,46,1
102,123,1
144,100,1
305,288,1
177,119,1
179,85,1
150,127,1
74,254,1
101,85,1
287,181,1
269,265,1
16,234,1
114,177,1
120,186,1
59,63,1
69,64,1
305,234,1
291,239,1
245,157,1
309,228,1
151,230,1
137,71,1
94,43,1
133,77,1
178,258,1
80,144,1
192,116,1
104,44,1
151,117,1
49,29,1
145,79,1
286,210,1
144,79,1
116,33,1
73,179,1
241,125,1
333,216,1
121,183,1
102,65,1
215,148,1
272,284,1
118,265,1
169,189,1
182,161,1
127,212,1
109,40,1
124,157,1
12,211,1
269,229,1
188,107,1
149,77,1
257,183,1
157,240,1
140,84,1
260,249,1
210,248,1
147,224,1
190,222,1
174,210,1
106,63,1
112,43,1
142,296,1
160,56,1
104,61,1
49,38,1
44,51,1
138,236,1
88,20,1
115,10,1
131,227,1
187,256,1
289,277,1
230,159,1
126,92,1
253,205,1
197,203,1
90,72,1
147,182,1
144,67,1
188,191,1
167,109,1
106,211,1
285,199,1
352,205,1
97,4,1
165,272,1
265,266,1
127,159,1
280,247,1
313,265,1
102,118,1
136,76,1
104,20,1
131,121,1
91,73,1
313,182,1
222,203,1
154,148,1
134,225,1
189,255,1
354,201,1
286,220,1
348,201,1
307,223,1
68,64,1
127,155,1
158,124,1
240,155,1
21,221,1
188,244,1
131,193,1
184,178,1
132,232,1
185,242,1
101,39,1
57,45,1
183,119,1
255,225,1
115,106,1
67,26,1
133,227,1
62,48,1
102,122,1
326,177,1
188,119,1
104,153,1
98,139,1
191,122,1
111,65,1
308,227,1
336,214,1
215,167,1
149,228,1
108,35,1
90,71,1
104,110,1
129,209,1
65,65,1
111,234,1
203,252,1
124,237,1
281,212,1
350,200,1
111,153,1
100,39,1
323,175,1
91,74,1
333,175,1
92,70,1
146,76,1
156,253,1
221,148,1
170,250,1
105,94,1
105,151,1
190,168,1
111,159,1
106,32,1
334,216,1
298,216,1
317,249,1
56,183,1
161,109,1
175,151,1
329,169,1
64,64,1
255,168,1
139,234,1
70,238,1
57,188,1
175,90,1
121,113,1
124,130,1
101,216,1
138,142,1
287,282,1
53,185,1
117,115,1
188,170,1
93,50,1
125,58,1
103,61,1
269,270,1
110,50,1
126,13,1
82,66,1
60,57,1
282,174,1
166,282,1
301,174,1
39,202,1
117,59,1
183,222,1
261,167,1
66,63,1
54,62,1
101,123,1
125,113,1
69,63,1
130,214,1
205,259,1
278,281,1
111,68,1
329,172,1
215,188,1
127,221,1
164,222,1
231,270,1
236,139,1
239,248,1
128,220,1
265,264,1
54,266,1
252,261,1
110,180,1
110,76,1
151,227,1
271,283,1
192,119,1
152,77,1
330,197,1
257,180,1
110,179,1
216,179,1
95,11,1
96,2,1
102,114,1
101,131,1
138,69,1
41,197,1
290,252,1
23,217,1
107,62,1
145,119,1
54,61,1
87,27,1
161,182,1
106,215,1
182,259,1
81,23,1
302,175,1
157,4,1
168,256,1
219,241,1
57,182,1
312,169,1
240,200,1
305,171,1
72,48,1
124,160,1
312,280,1
151,223,1
214,168,1
263,153,1
314,222,1
149,81,1
309,172,1
123,185,1
294,160,1
185,276,1
73,61,1
120,257,1
221,160,1
102,44,1
287,284,1
104,93,1
62,27,1
299,241,1
151,229,1
151,270,1
285,195,1
147,83,1
306,222,1
47,227,1
37,259,1
239,244,1
254,148,1
107,6,1
146,170,1
107,46,1
102,148,1
219,171,1
205,153,1
189,244,1
282,252,1
236,196,1
343,175,1
133,230,1
121,127,1
297,227,1
282,207,1
145,298,1
103,62,1
128,202,1
145,296,1
46,264,1
99,0,1
89,64,1
109,74,1
157,5,1
125,240,1
281,226,1
97,166,1
192,144,1
286,161,1
300,197,1
112,157,1
188,238,1
96,136,1
355,205,1
110,41,1
295,166,1
228,133,1
121,13,1
156,85,1
120,193,1
168,98,1
335,177,1
106,164,1
82,145,1
269,231,1
140,235,1
55,41,1
208,185,1
314,183,1
114,119,1
126,190,1
53,62,1
343,176,1
156,240,1
201,240,1
90,73,1
320,237,1
214,158,1
166,245,1
227,133,1
155,248,1
244,226,1
220,121,1
255,217,1
175,262,1
305,216,1
57,47,1
192,231,1
102,59,1
205,136,1
257,182,1
277,156,1
237,251,1
102,91,1
105,213,1
245,257,1
266,265,1
261,230,1
136,233,1
243,138,1
357,205,1
286,219,1
242,226,1
159,197,1
125,197,1
258,262,1
240,135,1
51,62,1
152,79,1
81,22,1
220,195,1
146,123,1
144,236,1
185,235,1
136,231,1
292,183,1
175,225,1
162,8,1
333,210,1
75,162,1
210,121,1
204,257,1
41,46,1
101,203,1
80,17,1
154,271,1
349,215,1
100,83,1
41,50,1
249,165,1
222,136,1
134,229,1
354,206,1
87,7,1
300,227,1
110,157,1
203,247,1
340,204,1
289,283,1
139,232,1
287,220,1
332,166,1
241,200,1
154,240,1
97,133,1
139,149,1
167,232,1
88,29,1
339,190,1
170,248,1
294,258,1
68,44,1
98,131,1
212,121,1
145,77,1
77,221,1
104,62,1
106,60,1
50,29,1
268,272,1
217,139,1
139,247,1
170,238,1
307,232,1
121,187,1
219,183,1
170,58,1
280,283,1
73,64,1
142,71,1
269,226,1
149,183,1
159,69,1
286,175,1
229,203,1
140,76,1
303,230,1
218,136,1
173,115,1
97,77,1
148,239,1
54,221,1
189,236,1
147,126,1
109,156,1
88,236,1
73,219,1
104,35,1
222,232,1
69,26,1
302,231,1
78,18,1
214,162,1
234,179,1
95,139,1
152,281,1
96,144,1
145,101,1
110,119,1
188,245,1
310,211,1
75,28,1
267,179,1
197,233,1
347,201,1
56,43,1
118,64,1
183,121,1
342,209,1
153,280,1
156,283,1
212,220,1
337,180,1
309,217,1
228,204,1
168,138,1
77,64,1
241,262,1
74,176,1
57,28,1
292,278,1
147,70,1
198,250,1
55,44,1
278,218,1
145,70,1
102,146,1
104,51,1
160,242,1
281,157,1
290,259,1
112,118,1
170,287,1
139,75,1
87,249,1
329,171,1
284,160,1
147,212,1
123,187,1
248,167,1
175,277,1
116,180,1
187,76,1
148,81,1
78,171,1
221,257,1
111,35,1
119,127,1
276,284,1
305,228,1
105,93,1
53,63,1
188,123,1
292,176,1
197,135,1
113,160,1
80,62,1
18,235,1
94,4,1
123,257,1
348,199,1
71,39,1
90,4,1
26,253,1
190,190,1
148,223,1
105,2,1
351,208,1
110,167,1
96,132,1
119,130,1
320,166,1
151,287,1
333,193,1
110,172,1
160,80,1
132,70,1
203,254,1
208,123,1
40,48,1
315,197,1
233,188,1
326,201,1
189,245,1
200,247,1
97,1,1
196,148,1
108,153,1
46,31,1
292,160,1
114,224,1
142,211,1
227,240,1
173,133,1
271,266,1
144,50,1
125,198,1
74,173,1
82,65,1
116,110,1
146,72,1
282,198,1
278,158,1
247,232,1
182,131,1
189,123,1
105,60,1
250,162,1
90,252,1
272,275,1
181,98,1
84,41,1
126,216,1
123,188,1
41,41,1
183,118,1
86,53,1
103,186,1
99,131,1
252,231,1
170,247,1
155,90,1
151,81,1
249,177,1
208,210,1
41,209,1
137,82,1
94,38,1
278,186,1
302,250,1
139,128,1
286,172,1
244,230,1
217,161,1
347,200,1
118,115,1
187,89,1
227,224,1
146,295,1
101,122,1
208,176,1
126,203,1
279,253,1
271,154,1
193,252,1
148,237,1
327,213,1
58,56,1
339,197,1
146,282,1
94,27,1
221,132,1
245,124,1
93,143,1
119,129,1
137,252,1
318,249,1
53,229,1
104,116,1
141,234,1
118,179,1
265,153,1
155,275,1
146,83,1
253,261,1
159,126,1
192,169,1
175,276,1
30,217,1
107,63,1
300,229,1
70,217,1
142,159,1
99,37,1
142,226,1
88,224,1
232,175,1
113,190,1
129,83,1
46,215,1
80,64,1
311,168,1
70,216,1
12,229,1
40,245,1
217,162,1
50,40,1
108,23,1
83,65,1
163,105,1
103,35,1
223,249,1
109,34,1
107,48,1
91,149,1
237,229,1
96,134,1
267,258,1
110,214,1
180,104,1
305,207,1
119,54,1
84,13,1
69,239,1
343,179,1
141,244,1
103,20,1
134,87,1
190,131,1
128,212,1
37,236,1
93,3,1
93,137,1
307,215,1
228,160,1
227,150,1
142,69,1
143,82,1
103,59,1
153,271,1
184,252,1
157,68,1
103,39,1
311,256,1
143,220,1
57,29,1
132,12,1
205,258,1
95,77,1
209,231,1
148,203,1
110,40,1
79,17,1
113,175,1
129,201,1
111,163,1
312,268,1
161,207,1
138,73,1
162,241,1
210,218,1
111,135,1
136,265,1
145,218,1
110,156,1
270,207,1
254,162,1
115,104,1
130,140,1
140,137,1
331,179,1
134,119,1
196,188,1
131,209,1
156,144,1
136,229,1
200,160,1
153,122,1
114,104,1
111,154,1
244,193,1
158,65,1
97,137,1
131,222,1
131,55,1
263,244,1
285,283,1
327,185,1
250,175,1
123,22,1
178,71,1
68,35,1
174,112,1
102,58,1
144,82,1
260,219,1
123,178,1
263,154,1
284,229,1
219,186,1
55,42,1
343,197,1
84,15,1
62,47,1
259,263,1
244,260,1
142,118,1
72,64,1
311,170,1
196,250,1
40,200,1
123,40,1
162,24,1
200,137,1
22,217,1
314,225,1
78,60,1
168,245,1
50,38,1
288,236,1
55,220,1
329,225,1
194,252,1
163,9,1
109,33,1
203,250,1
136,255,1
165,279,1
98,2,1
301,201,1
163,233,1
285,238,1
277,251,1
313,261,1
106,39,1
197,133,1
308,214,1
270,258,1
225,259,1
156,76,1
202,184,1
274,163,1
38,44,1
228,140,1
219,185,1
85,252,1
268,170,1
337,173,1
210,251,1
326,176,1
51,223,1
101,36,1
61,28,1
137,76,1
281,158,1
65,250,1
132,227,1
358,204,1
264,192,1
112,179,1
139,108,1
219,182,1
244,225,1
171,209,1
153,272,1
112,91,1
178,114,1
52,225,1
86,9,1
271,166,1
118,119,1
101,1,1
94,2,1
109,249,1
265,218,1
270,236,1
157,72,1
277,252,1
158,216,1
137,173,1
227,225,1
150,239,1
301,199,1
49,253,1
264,265,1
145,268,1
251,148,1
226,266,1
332,216,1
222,148,1
290,165,1
307,219,1
197,157,1
89,44,1
81,137,1
168,81,1
178,274,1
192,187,1
281,209,1
313,240,1
120,83,1
113,225,1
76,257,1
192,148,1
127,60,1
146,269,1
103,240,1
86,42,1
225,265,1
267,160,1
215,191,1
104,113,1
200,224,1
104,42,1
93,206,1
122,261,1
307,227,1
331,190,1
100,129,1
288,168,1
169,244,1
178,259,1
356,211,1
107,24,1
52,221,1
129,151,1
304,298,1
114,217,1
80,54,1
156,241,1
108,169,1
30,203,1
132,11,1
52,42,1
251,158,1
62,60,1
111,179,1
163,13,1
97,164,1
74,59,1
159,242,1
94,150,1
191,168,1
63,66,1
277,174,1
109,31,1
309,170,1
150,82,1
44,216,1
123,16,1
31,254,1
88,71,1
180,259,1
216,166,1
191,239,1
145,4,1
85,174,1
213,220,1
147,227,1
310,232,1
103,149,1
37,230,1
125,127,1
170,137,1
143,211,1
286,188,1
40,261,1
274,155,1
74,28,1
43,38,1
95,53,1
146,77,1
292,200,1
131,194,1
104,154,1
226,264,1
201,138,1
153,265,1
110,165,1
101,128,1
105,39,1
87,10,1
323,181,1
168,243,1
59,224,1
225,264,1
207,237,1
216,162,1
257,192,1
164,146,1
251,145,1
146,84,1
275,277,1
318,176,1
95,1,1
131,228,1
160,297,1
273,270,1
128,193,1
112,32,1
89,17,1
60,64,1
57,46,1
113,33,1
50,42,1
191,254,1
140,62,1
163,75,1
77,63,1
168,135,1
212,219,1
141,75,1
129,164,1
135,133,1
149,224,1
84,66,1
163,242,1
266,218,1
156,4,1
209,260,1
77,174,2
205,182,2
144,239,2
233,262,2
185,248,2
216,165,2
47,232,2
239,232,2
158,202,2
188,219,2
238,262,2
166,219,2
144,224,2
289,252,2
164,183,2
100,202,2
298,278,2
157,56,2
209,140,2
216,119,2
183,139,2
180,243,2
196,256,2
78,43,2
203,225,2
148,176,2
154,252,2
118,200,2
157,258,2
147,254,2
107,242,2
185,127,2
223,207,2
311,171,2
222,122,2
173,195,2
172,233,2
153,256,2
169,181,2
40,240,2
112,116,2
156,258,2
131,156,2
122,258,2
169,220,2
141,160,2
152,152,2
344,211,2
168,227,2
179,215,2
183,196,2
181,151,2
232,156,2
122,152,2
155,65,2
170,236,2
127,250,2
187,202,2
34,238,2
198,237,2
103,49,2
55,243,2
226,236,2
151,153,2
165,235,2
245,174,2
191,123,2
110,112,2
111,188,2
96,223,2
213,224,2
230,188,2
239,257,2
312,292,2
254,258,2
203,182,2
318,174,2
238,188,2
153,188,2
149,207,2
294,225,2
221,159,2
166,183,2
183,210,2
155,260,2
151,220,2
88,201,2
125,233,2
155,254,2
277,260,2
273,265,2
147,207,2
154,268,2
190,219,2
141,209,2
307,262,2
114,117,2
112,224,2
168,215,2
237,264,2
133,123,2
195,222,2
128,249,2
324,279,2
110,260,2
182,254,2
167,269,2
181,199,2
175,245,2
323,208,2
190,211,2
117,12,2
281,281,2
134,203,2
146,202,2
117,43,2
315,163,2
128,172,2
116,257,2
62,195,2
179,253,2
291,196,2
87,244,2
170,185,2
268,166,2
99,185,2
275,166,2
100,118,2
173,145,2
200,127,2
313,195,2
176,207,2
174,235,2
225,260,2
271,257,2
156,229,2
214,161,2
96,58,2
275,246,2
147,118,2
69,34,2
179,237,2
154,270,2
85,257,2
154,150,2
98,255,2
184,213,2
195,173,2
29,243,2
174,196,2
119,119,2
74,37,2
310,294,2
49,233,2
133,196,2
141,214,2
232,258,2
133,209,2
34,239,2
210,185,2
176,239,2
104,256,2
292,280,2
92,218,2
179,228,2
277,245,2
62,55,2
117,139,2
186,201,2
206,228,2
158,235,2
178,101,2
190,198,2
158,109,2
137,93,2
178,149,2
170,195,2
201,227,2
102,236,2
187,179,2
171,284,2
241,258,2
187,200,2
269,216,2
106,194,2
165,277,2
177,192,2
85,149,2
104,264,2
80,251,2
218,213,2
162,220,2
159,252,2
225,239,2
137,189,2
46,190,2
169,236,2
79,59,2
109,255,2
155,204,2
270,268,2
200,208,2
168,140,2
134,205,2
83,226,2
179,271,2
241,174,2
109,235,2
47,191,2
32,236,2
183,209,2
90,214,2
105,96,2
77,173,2
80,71,2
277,204,2
63,260,2
30,224,2
155,217,2
173,119,2
196,138,2
126,164,2
169,208,2
177,180,2
217,140,2
162,139,2
179,192,2
160,119,2
173,241,2
202,168,2
177,221,2
153,230,2
82,226,2
206,233,2
67,212,2
63,211,2
184,170,2
103,224,2
316,280,2
139,170,2
165,205,2
191,256,2
169,194,2
73,200,2
115,87,2
294,266,2
134,262,2
111,212,2
138,234,2
140,209,2
154,254,2
153,220,2
171,176,2
187,199,2
153,213,2
162,195,2
162,178,2
111,246,2
164,270,2
24,223,2
152,210,2
167,201,2
258,220,2
153,187,2
113,109,2
146,206,2
197,199,2
135,97,2
136,196,2
145,149,2
327,214,2
78,217,2
141,175,2
158,282,2
294,249,2
225,136,2
258,149,2
211,147,2
185,240,2
157,276,2
99,74,2
315,288,2
163,234,2
214,120,2
212,190,2
217,239,2
259,155,2
242,190,2
61,218,2
133,147,2
164,188,2
255,237,2
156,212,2
102,199,2
288,230,2
166,147,2
189,224,2
218,229,2
208,147,2
190,250,2
116,201,2
140,250,2
135,222,2
89,42,2
157,132,2
144,85,2
149,219,2
223,223,2
146,207,2
140,211,2
138,212,2
247,246,2
44,238,2
178,241,2
211,246,2
182,265,2
118,89,2
279,183,2
174,233,2
169,204,2
198,128,2
176,163,2
229,239,2
73,180,2
198,171,2
207,176,2
236,170,2
69,193,2
110,113,2
132,210,2
170,197,2
156,211,2
98,233,2
47,252,2
241,241,2
44,200,2
118,127,2
204,238,2
76,213,2
76,240,2
83,55,2
139,270,2
235,227,2
32,242,2
131,259,2
315,279,2
137,61,2
271,234,2
183,170,2
113,205,2
278,280,2
145,256,2
175,211,2
127,261,2
153,231,2
147,208,2
188,213,2
313,193,2
267,253,2
163,20,2
81,25,2
28,238,2
166,224,2
224,255,2
188,257,2
160,218,2
169,183,2
231,250,2
147,89,2
214,127,2
36,245,2
166,113,2
148,206,2
206,164,2
136,210,2
302,198,2
182,185,2
110,237,2
336,206,2
100,235,2
202,212,2
146,138,2
92,251,2
153,196,2
272,218,2
85,177,2
115,19,2
238,124,2
132,155,2
245,177,2
160,156,2
130,206,2
183,245,2
146,229,2
167,112,2
108,223,2
135,193,2
65,225,2
117,147,2
57,234,2
175,228,2
190,102,2
164,228,2
73,189,2
176,222,2
136,219,2
166,171,2
193,169,2
200,234,2
201,244,2
163,267,2
113,209,2
125,236,2
89,142,2
225,123,2
207,170,2
99,160,2
119,233,2
124,71,2
230,241,2
296,232,2
201,142,2
228,161,2
149,247,2
161,92,2
240,143,2
213,223,2
140,236,2
172,180,2
108,228,2
162,158,2
86,203,2
273,185,2
142,116,2
64,251,2
204,237,2
109,134,2
283,173,2
148,243,2
50,229,2
141,247,2
184,199,2
173,220,2
71,238,2
135,165,2
137,272,2
258,200,2
132,212,2
73,207,2
155,230,2
143,216,2
219,196,2
157,235,2
134,263,2
133,208,2
37,248,2
274,194,2
143,228,2
51,257,2
112,146,2
147,230,2
176,209,2
172,223,2
126,54,2
10,212,2
196,231,2
257,157,2
68,216,2
281,236,2
171,275,2
222,241,2
150,198,2
151,232,2
202,242,2
160,233,2
217,199,2
147,229,2
327,244,2
137,223,2
162,199,2
180,236,2
94,235,2
154,194,2
172,145,2
163,121,2
149,185,2
175,232,2
270,164,2
200,228,2
154,279,2
122,105,2
184,234,2
79,180,2
290,202,2
90,204,2
278,261,2
231,237,2
250,248,2
102,237,2
274,257,2
105,106,2
99,237,2
123,144,2
308,197,2
141,184,2
59,39,2
111,75,2
54,194,2
158,137,2
154,263,2
161,203,2
138,167,2
357,212,2
27,242,2
158,234,2
84,209,2
322,183,2
246,176,2
114,168,2
300,198,2
153,262,2
143,252,2
163,115,2
185,231,2
140,214,2
172,188,2
138,268,2
154,213,2
274,274,2
178,238,2
197,166,2
237,262,2
146,205,2
116,211,2
156,183,2
103,74,2
115,144,2
307,288,2
144,262,2
207,140,2
226,237,2
158,278,2
240,233,2
131,261,2
147,187,2
146,172,2
101,72,2
182,174,2
158,272,2
157,264,2
208,236,2
182,170,2
108,259,2
209,210,2
163,191,2
345,206,2
179,206,2
165,227,2
187,208,2
83,203,2
109,258,2
208,196,2
185,199,2
103,227,2
111,140,2
168,252,2
186,248,2
169,224,2
147,4,2
172,225,2
63,253,2
167,214,2
98,207,2
173,247,2
155,210,2
96,224,2
69,159,2
229,231,2
153,302,2
335,200,2
188,200,2
258,234,2
201,186,2
63,234,2
188,203,2
145,283,2
62,46,2
269,260,2
64,255,2
83,231,2
159,128,2
187,231,2
83,223,2
160,250,2
172,292,2
314,286,2
152,91,2
144,146,2
103,124,2
217,130,2
177,229,2
68,244,2
124,234,2
179,118,2
117,219,2
90,202,2
168,289,2
80,193,2
125,106,2
152,214,2
328,210,2
206,239,2
11,223,2
154,225,2
132,263,2
122,224,2
189,201,2
189,217,2
96,41,2
141,212,2
114,205,2
142,252,2
149,174,2
232,174,2
65,56,2
160,202,2
71,164,2
217,238,2
137,137,2
158,134,2
145,251,2
187,130,2
159,237,2
77,181,2
127,172,2
122,82,2
206,237,2
294,201,2
229,224,2
319,256,2
296,263,2
169,73,2
202,235,2
97,227,2
217,234,2
164,138,2
172,224,2
283,244,2
168,96,2
141,12,2
82,195,2
75,153,2
90,7,2
137,248,2
327,209,2
283,170,2
69,204,2
197,229,2
194,233,2
204,152,2
215,243,2
121,191,2
176,253,2
122,69,2
148,131,2
104,252,2
173,261,2
257,163,2
186,232,2
117,189,2
347,215,2
134,218,2
210,141,2
112,92,2
163,225,2
176,233,2
83,147,2
189,216,2
119,87,2
170,282,2
284,166,2
190,213,2
122,197,2
214,216,2
52,244,2
99,75,2
281,228,2
208,241,2
101,182,2
135,210,2
147,189,2
162,263,2
202,161,2
210,143,2
122,205,2
143,120,2
182,113,2
121,103,2
203,240,2
319,205,2
297,164,2
248,256,2
240,245,2
177,142,2
205,235,2
118,65,2
176,94,2
146,258,2
176,141,2
188,209,2
124,88,2
166,280,2
203,226,2
150,218,2
113,30,2
107,73,2
214,237,2
172,239,2
163,125,2
175,252,2
162,217,2
229,232,2
176,144,2
245,201,2
83,24,2
219,250,2
75,210,2
123,194,2
261,206,2
262,257,2
146,199,2
73,208,2
95,187,2
193,231,2
165,141,2
137,92,2
35,226,2
101,231,2
151,257,2
126,162,2
44,46,2
265,163,2
316,205,2
93,239,2
99,11,2
176,236,2
97,23,2
160,118,2
179,238,2
310,228,2
162,97,2
110,99,2
180,184,2
85,13,2
327,239,2
148,259,2
166,205,2
260,209,2
177,205,2
308,252,2
101,73,2
108,260,2
140,240,2
171,215,2
123,55,2
151,211,2
134,140,2
270,165,2
294,198,2
206,256,2
116,221,2
183,241,2
157,272,2
148,187,2
195,244,2
109,225,2
248,199,2
169,191,2
96,240,2
90,69,2
139,157,2
255,198,2
199,209,2
259,150,2
179,233,2
159,198,2
199,187,2
137,184,2
174,226,2
139,145,2
140,225,2
318,172,2
250,164,2
171,243,2
231,158,2
92,66,2
93,7,2
136,89,2
32,239,2
152,172,2
128,45,2
158,223,2
256,194,2
151,302,2
180,71,2
157,6,2
141,143,2
168,101,2
201,143,2
161,212,2
175,234,2
166,255,2
151,189,2
163,120,2
145,198,2
237,234,2
142,223,2
78,232,2
152,272,2
119,40,2
98,159,2
165,188,2
215,221,2
96,70,2
148,188,2
162,133,2
147,244,2
193,178,2
313,282,2
194,95,2
187,227,2
195,182,2
215,190,2
90,157,2
122,18,2
153,180,2
61,46,2
300,255,2
112,247,2
239,231,2
211,172,2
173,253,2
82,25,2
86,186,2
140,217,2
149,173,2
79,186,2
261,205,2
173,185,2
163,227,2
313,285,2
139,168,2
162,210,2
314,279,2
194,225,2
137,275,2
102,29,2
205,161,2
121,198,2
186,100,2
93,237,2
239,139,2
273,193,2
151,112,2
135,198,2
64,241,2
153,249,2
114,214,2
109,226,2
122,181,2
68,47,2
226,254,2
316,197,2
132,213,2
109,109,2
214,185,2
214,132,2
200,172,2
190,193,2
210,152,2
310,280,2
122,210,2
150,248,2
92,16,2
95,186,2
125,149,2
64,228,2
94,234,2
166,287,2
129,126,2
293,183,2
49,247,2
160,222,2
161,227,2
176,230,2
195,236,2
173,84,2
147,286,2
160,158,2
109,133,2
192,218,2
327,249,2
207,227,2
244,238,2
248,257,2
50,234,2
274,259,2
252,201,2
187,180,2
77,70,2
301,275,2
291,201,2
183,205,2
144,292,2
170,204,2
158,112,2
178,225,2
126,249,2
137,168,2
137,267,2
312,282,2
153,181,2
86,26,2
292,263,2
89,203,2
167,222,2
86,243,2
47,234,2
117,249,2
180,75,2
179,247,2
141,260,2
311,294,2
169,201,2
227,242,2
158,197,2
92,183,2
71,40,2
119,43,2
122,49,2
164,206,2
67,234,2
145,158,2
99,159,2
75,190,2
298,266,2
75,188,2
228,254,2
170,177,2
153,118,2
318,201,2
161,232,2
132,113,2
149,287,2
148,207,2
171,72,2
168,238,2
270,182,2
105,176,2
162,194,2
175,242,2
161,208,2
118,87,2
26,242,2
136,259,2
143,246,2
161,89,2
124,87,2
213,186,2
245,188,2
181,246,2
122,208,2
107,32,2
246,195,2
274,265,2
178,202,2
235,259,2
90,206,2
178,231,2
134,93,2
176,95,2
150,161,2
213,119,2
200,176,2
177,262,2
169,289,2
92,57,2
293,257,2
160,231,2
152,108,2
149,190,2
42,238,2
176,248,2
245,196,2
206,172,2
256,205,2
250,202,2
269,166,2
114,116,2
228,262,2
244,229,3
127,262,3
70,31,3
75,221,3
167,129,3
208,225,3
223,163,3
231,199,3
192,151,3
161,128,3
183,165,3
317,214,3
203,163,3
67,198,3
218,152,3
139,100,3
207,208,3
241,211,3
207,154,3
84,213,3
110,86,3
220,135,3
37,252,3
198,224,3
208,130,3
276,270,3
292,266,3
299,270,3
91,210,3
148,148,3
139,95,3
256,234,3
245,171,3
257,195,3
277,173,3
81,169,3
271,225,3
304,268,3
338,201,3
225,246,3
150,297,3
141,276,3
276,172,3
187,156,3
161,126,3
212,159,3
185,94,3
59,264,3
100,257,3
207,215,3
228,201,3
141,104,3
130,93,3
145,131,3
248,205,3
275,236,3
43,250,3
116,237,3
87,254,3
148,298,3
240,240,3
91,195,3
148,103,3
96,53,3
180,142,3
86,152,3
73,239,3
107,92,3
233,164,3
256,189,3
266,223,3
207,156,3
143,137,3
284,272,3
136,119,3
314,247,3
219,165,3
235,181,3
88,13,3
122,47,3
312,237,3
224,235,3
67,40,3
248,204,3
157,62,3
77,224,3
254,214,3
35,246,3
311,166,3
223,181,3
284,232,3
339,160,3
310,253,3
314,251,3
323,186,3
89,213,3
62,199,3
68,238,3
10,233,3
69,48,3
212,123,3
250,211,3
86,31,3
272,171,3
251,183,3
208,201,3
114,130,3
131,176,3
266,204,3
326,188,3
149,254,3
124,135,3
228,175,3
284,248,3
141,49,3
251,186,3
64,188,3
78,183,3
323,219,3
238,255,3
306,231,3
66,30,3
273,191,3
84,245,3
342,205,3
307,295,3
118,95,3
249,237,3
110,106,3
303,248,3
158,180,3
286,198,3
317,170,3
276,166,3
88,157,3
132,52,3
55,182,3
257,231,3
324,247,3
116,126,3
255,253,3
224,206,3
305,266,3
101,80,3
208,125,3
233,143,3
217,248,3
328,189,3
91,166,3
118,56,3
144,137,3
241,217,3
106,8,3
257,227,3
291,214,3
256,217,3
84,223,3
240,162,3
220,177,3
54,182,3
15,233,3
30,228,3
320,180,3
92,10,3
223,164,3
78,46,3
301,235,3
295,265,3
241,236,3
122,146,3
199,157,3
275,207,3
76,54,3
59,210,3
193,143,3
58,258,3
276,201,3
84,182,3
302,260,3
91,15,3
264,260,3
228,152,3
317,239,3
296,173,3
258,172,3
237,136,3
229,215,3
184,153,3
109,175,3
175,112,3
122,173,3
269,171,3
262,153,3
256,220,3
291,190,3
266,208,3
294,251,3
50,49,3
287,253,3
306,242,3
231,205,3
197,212,3
153,121,3
202,221,3
203,151,3
170,48,3
152,112,3
137,115,3
181,134,3
304,230,3
260,258,3
247,243,3
294,276,3
170,138,3
171,110,3
127,21,3
7,233,3
205,127,3
77,26,3
27,220,3
276,170,3
328,178,3
82,159,3
63,35,3
258,229,3
229,213,3
55,251,3
240,165,3
251,171,3
232,161,3
194,151,3
337,197,3
189,148,3
283,191,3
54,250,3
90,163,3
158,270,3
120,238,3
77,203,3
221,155,3
67,215,3
279,203,3
106,111,3
261,226,3
221,253,3
63,264,3
135,12,3
145,176,3
209,165,3
122,27,3
130,98,3
67,37,3
177,121,3
225,198,3
93,168,3
326,195,3
336,172,3
97,29,3
74,243,3
49,245,3
135,142,3
296,198,3
156,113,3
236,211,3
288,264,3
127,94,3
196,149,3
131,84,3
85,191,3
53,189,3
56,32,3
115,255,3
206,218,3
216,209,3
112,193,3
60,63,3
177,88,3
134,184,3
96,196,3
126,133,3
252,172,3
327,189,3
144,287,3
93,68,3
130,141,3
308,286,3
101,242,3
288,191,3
318,168,3
319,288,3
250,252,3
277,171,3
278,235,3
190,139,3
226,143,3
32,235,3
316,264,3
296,181,3
229,192,3
259,170,3
85,171,3
329,246,3
275,202,3
23,226,3
47,48,3
209,188,3
72,190,3
301,213,3
72,245,3
277,168,3
77,253,3
220,136,3
309,239,3
120,68,3
331,210,3
298,183,3
132,106,3
274,171,3
296,227,3
122,36,3
303,268,3
100,241,3
181,115,3
134,268,3
194,122,3
227,226,3
100,249,3
268,194,3
155,141,3
226,145,3
75,253,3
316,179,3
234,212,3
36,252,3
295,205,3
157,250,3
251,222,3
189,141,3
227,155,3
90,160,3
299,191,3
261,173,3
310,175,3
299,177,3
286,192,3
308,181,3
80,157,3
203,153,3
297,169,3
122,126,3
115,241,3
257,209,3
296,256,3
248,228,3
239,168,3
210,123,3
216,157,3
272,188,3
326,222,3
53,52,3
61,193,3
325,241,3
296,226,3
329,206,3
345,205,3
250,243,3
248,189,3
113,130,3
265,216,3
73,216,3
52,261,3
241,175,3
281,160,3
309,206,3
252,211,3
314,257,3
298,186,3
229,134,3
215,140,3
284,220,3
127,109,3
65,30,3
240,215,3
229,206,3
129,169,3
151,64,3
187,106,3
182,164,3
226,215,3
277,175,3
127,116,3
125,115,3
136,134,3
109,83,3
120,249,3
276,168,3
338,200,3
178,183,3
96,180,3
179,125,3
75,198,3
57,200,3
53,251,3
179,147,3
87,38,3
282,215,3
272,200,3
89,249,3
100,59,3
250,241,3
253,174,3
101,247,3
171,111,3
24,238,3
198,147,3
94,151,3
134,235,3
140,10,3
322,195,3
198,131,3
110,96,3
259,258,3
294,242,3
82,154,3
313,252,3
57,54,3
69,40,3
138,125,3
288,200,3
237,144,3
30,231,3
11,234,3
302,277,3
99,252,3
217,151,3
331,207,3
143,8,3
233,161,3
190,128,3
69,43,3
190,129,3
290,178,3
211,204,3
102,14,3
66,238,3
242,203,3
80,217,3
306,177,3
126,243,3
121,189,3
170,275,3
340,214,3
295,182,3
268,234,3
216,216,3
306,275,3
116,132,3
88,218,3
112,132,3
136,205,3
215,125,3
214,207,3
224,246,3
98,194,3
173,100,3
39,256,3
87,160,3
108,113,3
288,235,3
167,275,3
321,194,3
266,222,3
337,198,3
330,220,3
64,41,3
57,253,3
171,204,3
41,264,3
295,173,3
206,131,3
5,231,3
197,222,3
324,251,3
312,275,3
180,148,3
242,171,3
107,131,3
68,215,3
154,142,3
282,205,3
77,52,3
306,295,3
54,34,3
131,102,3
268,197,3
117,223,3
303,175,3
303,177,3
128,89,3
86,50,3
271,242,3
199,99,3
99,123,3
117,111,3
320,238,3
168,125,3
320,241,3
309,184,3
272,207,3
187,103,3
232,216,3
107,253,3
187,82,3
132,165,3
289,278,3
176,62,3
317,191,3
112,78,3
241,166,3
140,110,3
271,179,3
215,161,3
110,189,3
277,246,3
304,240,3
75,184,3
300,211,3
169,69,3
228,199,3
81,56,3
266,164,3
230,212,3
51,230,3
69,44,3
108,248,3
213,204,3
258,169,3
68,241,3
233,216,3
274,249,3
119,229,3
334,202,3
235,214,3
255,257,3
330,172,3
112,173,3
222,156,3
304,174,3
348,177,3
297,250,3
265,235,3
118,134,3
89,224,3
121,170,3
54,243,3
302,214,3
172,128,3
304,231,3
270,271,3
216,160,3
310,235,3
191,153,3
206,130,3
231,148,3
241,164,3
249,252,3
306,178,3
265,242,3
286,164,3
270,223,3
253,246,3
85,50,3
73,248,3
236,204,3
43,261,3
43,263,3
253,240,3
182,141,3
310,286,3
314,252,3
281,166,3
276,186,3
29,238,3
186,129,3
158,296,3
263,234,3
302,268,3
183,140,3
194,154,3
164,129,3
259,259,3
136,83,3
297,172,3
301,258,3
248,184,3
266,260,3
166,129,3
248,222,3
247,241,3
181,116,3
142,72,3
356,206,3
299,221,3
293,277,3
314,229,3
89,39,3
209,164,3
341,200,3
52,234,3
260,246,3
75,171,3
226,165,3
262,198,3
347,178,3
306,254,3
65,44,3
248,166,3
37,258,3
174,111,3
192,143,3
109,125,3
58,217,3
227,202,3
110,66,3
148,55,3
228,210,3
118,256,3
297,233,3
207,202,3
313,212,3
290,255,3
337,216,3
294,217,3
102,131,3
280,199,3
335,196,3
130,135,3
64,219,3
250,182,3
321,191,3
134,249,3
307,187,3
164,185,3
299,262,3
322,170,3
311,184,3
296,224,3
79,60,3
308,215,3
355,204,3
75,157,3
268,250,3
164,131,3
253,241,3
243,208,3
110,83,3
39,237,3
96,201,3
322,178,3
311,277,3
322,253,3
325,172,3
299,274,3
124,246,3
313,255,3
158,151,3
131,133,3
147,109,3
188,138,3
233,135,3
10,227,3
131,87,3
209,191,3
217,154,3
166,195,3
5,229,3
97,75,3
183,123,3
57,252,3
300,270,3
53,195,3
311,173,3
89,56,3
139,187,3
185,258,3
149,302,3
339,211,3
308,179,3
37,249,3
66,203,3
297,275,3
73,60,3
77,248,3
205,199,3
313,167,3
336,217,3
299,250,3
320,246,3
267,191,3
63,246,3
117,20,3
166,105,3
258,253,3
307,248,3
295,194,3
283,234,3
80,223,3
209,219,3
186,251,3
94,10,3
93,176,3
282,275,3
316,166,3
131,115,3
99,43,3
186,170,3
264,195,3
128,82,3
243,214,3
279,176,3
215,209,3
291,230,3
308,240,3
276,269,3
232,233,3
250,181,3
132,87,3
49,43,3
178,147,3
312,259,3
273,261,3
208,202,3
127,237,3
54,264,3
66,40,3
295,266,3
128,111,3
33,252,3
132,238,3
131,85,3
118,186,3
274,179,3
285,246,3
324,240,3
293,243,3
138,107,3
81,220,3
273,178,3
88,145,3
59,266,3
304,228,3
305,223,3
218,158,3
189,147,3
89,14,3
137,240,3
320,282,3
52,47,3
180,132,3
120,250,3
243,176,3
186,108,3
218,218,3
278,253,3
211,176,3
141,9,3
74,157,3
97,10,3
196,152,3
337,199,3
207,192,3
307,269,3
225,199,3
228,237,3
51,202,3
49,231,3
275,163,3
53,196,3
300,205,3
131,120,3
99,243,3
152,127,3
207,259,3
99,26,3
302,209,3
42,46,3
282,219,3
311,245,3
217,134,3
200,205,3
290,180,3
80,162,3
272,246,3
117,70,3
187,95,3
176,160,3
294,194,3
85,250,3
304,271,3
141,293,3
317,226,3
275,272,3
70,202,3
52,200,3
307,272,3
303,229,3
228,130,3
205,216,3
273,238,3
182,172,3
278,197,3
308,241,3
262,156,3
316,231,3
214,133,3
272,244,3
76,229,3
70,53,3
157,177,3
297,231,3
139,110,3
64,198,3
181,141,3
75,169,3
308,237,3
77,247,3
42,258,3
113,258,3
263,213,3
219,192,3
277,222,3
314,296,3
55,198,3
72,37,3
104,73,3
73,46,3
222,248,3
61,29,3
283,193,3
279,169,3
165,131,3
335,194,3
101,117,3
197,143,3
78,170,3
297,251,3
271,221,3
90,22,3
177,116,3
116,92,3
265,195,3
276,223,3
261,243,3
101,228,3
83,141,3
216,125,3
241,239,3
274,252,3
302,191,3
219,180,3
337,169,3
330,192,3
103,8,3
307,217,3
192,131,3
56,261,3
97,194,3
216,208,3
301,223,3
94,8,3
148,179,3
241,180,3
73,205,3
233,198,3
295,271,3
188,132,3
279,216,3
274,251,3
41,249,3
120,212,3
274,177,3
146,124,3
114,262,3
101,168,3
199,212,3
109,248,3
254,172,3
113,199,3
289,187,3
234,210,3
235,208,3
210,227,3
208,157,3
321,169,3
272,199,3
326,247,3
298,180,3
304,273,3
63,213,3
235,248,3
185,138,3
57,251,3
106,92,3
216,196,3
316,170,3
121,125,3
209,195,3
231,223,3
352,208,3
258,207,3
213,232,3
80,155,3
96,198,3
276,212,3
198,145,3
253,213,3
315,222,3
110,161,3
301,236,3
14,216,3
165,156,3
29,230,3
78,47,3
321,235,3
188,161,3
255,180,3
261,213,3
308,266,3
148,147,3
40,238,3
278,175,3
133,83,3
57,265,3
241,240,3
231,181,3
268,218,3
168,249,3
54,258,3
300,271,3
302,252,3
203,238,3
119,100,3
146,112,3
177,123,3
312,295,3
276,271,3
179,169,3
291,191,3
231,142,3
177,130,3
152,300,3
196,122,3
306,235,3
131,168,3
165,151,3
281,247,3
42,191,3
197,163,3
217,192,3
259,243,3
189,149,3
262,217,3
126,110,3
337,218,3
291,174,3
321,249,3
91,44,3
190,160,3
308,224,3
326,204,3
163,154,3
224,139,3
245,212,3
324,184,3
96,176,3
155,142,3
310,242,3
54,262,3
318,185,3
218,145,3
201,148,3
184,130,3
57,37,3
114,76,3
321,213,3
243,225,3
176,171,3
150,115,3
312,277,3
294,174,3
230,181,3
271,236,3
74,160,3
103,91,3
310,219,3
271,195,3
86,163,3
233,167,3
119,111,3
62,219,3
75,250,4
164,167,4
126,48,4
320,202,4
204,247,4
115,51,4
256,249,4
165,165,4
24,205,4
162,295,4
143,51,4
105,146,4
155,58,4
233,241,4
124,59,4
169,164,4
84,28,4
104,166,4
95,144,4
129,64,4
198,123,4
84,211,4
241,248,4
50,187,4
145,247,4
176,59,4
108,107,4
275,280,4
120,163,4
86,150,4
151,55,4
346,215,4
203,230,4
125,222,4
185,214,4
281,234,4
180,161,4
294,278,4
49,208,4
140,195,4
56,58,4
108,143,4
133,17,4
187,217,4
245,233,4
103,121,4
97,223,4
115,58,4
136,249,4
295,211,4
157,302,4
279,180,4
101,135,4
188,183,4
129,217,4
220,138,4
86,253,4
266,154,4
25,209,4
28,229,4
229,211,4
196,257,4
137,18,4
173,99,4
168,287,4
249,167,4
55,214,4
104,163,4
68,220,4
124,57,4
87,208,4
9,226,4
238,156,4
314,284,4
84,19,4
101,194,4
126,66,4
159,121,4
246,199,4
72,237,4
242,200,4
216,231,4
110,159,4
42,216,4
193,256,4
70,157,4
191,220,4
58,60,4
349,203,4
36,220,4
176,168,4
136,204,4
187,193,4
57,189,4
261,150,4
246,211,4
109,123,4
122,34,4
256,248,4
113,227,4
203,129,4
255,228,4
135,147,4
159,67,4
109,160,4
291,183,4
167,82,4
172,256,4
193,187,4
127,232,4
105,65,4
268,259,4
238,194,4
100,31,4
206,162,4
198,112,4
168,91,4
89,67,4
60,58,4
166,251,4
114,16,4
141,59,4
184,154,4
237,203,4
183,98,4
148,13,4
129,239,4
139,48,4
171,143,4
92,224,4
105,87,4
85,26,4
182,194,4
164,151,4
143,238,4
117,228,4
169,277,4
263,258,4
112,36,4
157,292,4
137,256,4
105,133,4
107,61,4
162,78,4
139,15,4
79,223,4
243,200,4
135,46,4
162,13,4
285,255,4
157,181,4
193,206,4
320,253,4
125,218,4
134,161,4
110,9,4
290,182,4
226,185,4
92,208,4
167,264,4
194,161,4
94,45,4
68,60,4
89,60,4
196,115,4
122,45,4
117,118,4
122,89,4
58,61,4
127,161,4
173,256,4
164,201,4
294,281,4
123,26,4
104,223,4
118,240,4
90,199,4
133,85,4
76,70,4
90,198,4
289,220,4
231,211,4
200,210,4
133,193,4
155,59,4
318,276,4
104,5,4
130,127,4
137,144,4
89,36,4
115,43,4
64,206,4
237,260,4
134,120,4
222,171,4
175,162,4
121,236,4
127,146,4
118,233,4
325,175,4
43,203,4
149,164,4
107,223,4
138,255,4
105,66,4
107,163,4
196,170,4
142,184,4
167,163,4
117,18,4
70,253,4
120,153,4
71,197,4
184,168,4
119,167,4
215,248,4
313,213,4
142,142,4
338,206,4
196,163,4
103,139,4
122,145,4
154,85,4
159,150,4
126,146,4
274,270,4
104,139,4
116,82,4
284,263,4
131,229,4
147,104,4
86,210,4
189,222,4
93,37,4
228,223,4
112,152,4
263,245,4
335,214,4
163,287,4
74,249,4
189,205,4
246,159,4
29,240,4
37,232,4
69,35,4
104,83,4
114,31,4
149,274,4
58,59,4
293,278,4
115,153,4
192,177,4
303,199,4
18,236,4
236,250,4
118,249,4
157,295,4
102,198,4
103,48,4
227,254,4
240,128,4
239,194,4
171,181,4
191,171,4
160,153,4
139,194,4
144,141,4
66,262,4
134,107,4
118,43,4
160,64,4
149,50,4
216,250,4
109,137,4
116,19,4
103,157,4
190,110,4
275,260,4
105,7,4
116,182,4
94,232,4
197,108,4
21,230,4
76,25,4
99,17,4
86,52,4
126,65,4
76,161,4
139,160,4
183,254,4
162,25,4
204,143,4
177,196,4
138,190,4
167,167,4
95,60,4
124,154,4
120,167,4
128,214,4
173,68,4
147,296,4
147,148,4
147,64,4
114,127,4
66,231,4
144,272,4
212,216,4
153,277,4
297,226,4
148,274,4
153,102,4
122,71,4
215,223,4
182,247,4
118,73,4
122,243,4
172,167,4
177,120,4
248,231,4
172,175,4
132,198,4
160,84,4
187,174,4
209,186,4
142,14,4
163,175,4
99,9,4
80,41,4
167,92,4
327,177,4
130,188,4
167,266,4
222,240,4
132,169,4
201,253,4
127,66,4
129,229,4
181,169,4
181,156,4
114,18,4
115,32,4
132,168,4
232,253,4
202,238,4
70,248,4
65,219,4
154,293,4
199,121,4
207,225,4
85,32,4
160,177,4
73,238,4
109,222,4
230,172,4
127,68,4
104,173,4
170,281,4
99,73,4
137,177,4
113,10,4
132,150,4
111,144,4
105,72,4
112,18,4
101,140,4
91,227,4
173,282,4
84,27,4
225,184,4
172,99,4
228,117,4
172,94,4
185,191,4
112,231,4
208,141,4
114,72,4
82,249,4
195,88,4
91,46,4
261,164,4
103,228,4
114,113,4
16,229,4
109,140,4
121,240,4
80,189,4
169,272,4
148,91,4
78,189,4
282,201,4
133,71,4
154,71,4
45,243,4
186,188,4
134,45,4
167,86,4
169,286,4
94,190,4
271,270,4
132,67,4
217,129,4
91,196,4
99,165,4
266,175,4
151,166,4
272,263,4
74,66,4
165,169,4
163,93,4
157,270,4
219,240,4
146,264,4
144,248,4
344,209,4
133,253,4
188,252,4
90,62,4
162,191,4
206,249,4
235,224,4
265,159,4
109,118,4
125,173,4
181,70,4
187,212,4
81,29,4
291,261,4
213,133,4
261,227,4
140,92,4
65,193,4
114,142,4
96,73,4
203,117,4
170,79,4
233,235,4
240,167,4
182,226,4
157,77,4
139,269,4
124,223,4
131,80,4
63,252,4
87,191,4
97,44,4
182,101,4
117,211,4
224,248,4
173,207,4
60,232,4
245,244,4
290,185,4
163,293,4
28,222,4
291,186,4
207,239,4
122,230,4
102,73,4
143,257,4
151,275,4
128,55,4
100,180,4
277,283,4
233,251,4
182,167,4
169,99,4
116,151,4
276,277,4
123,77,4
97,55,4
260,190,4
175,259,4
228,172,4
82,141,4
258,156,4
15,234,4
37,229,4
255,161,4
154,289,4
125,154,4
100,73,4
133,75,4
111,142,4
151,296,4
89,198,4
80,208,4
137,67,4
175,85,4
81,209,4
169,85,4
151,149,4
305,260,4
47,230,4
251,196,4
201,259,4
99,148,4
196,103,4
94,209,4
149,282,4
133,154,4
253,201,4
117,48,4
101,5,4
223,245,4
22,220,4
276,160,4
142,51,4
130,143,4
69,251,4
156,59,4
155,7,4
53,58,4
106,232,4
144,255,4
231,239,4
65,248,4
158,285,4
101,166,4
139,141,4
17,223,4
120,211,4
174,258,4
106,237,4
346,181,4
136,187,4
258,184,4
83,240,4
251,159,4
204,254,4
216,189,4
89,190,4
99,40,4
244,251,4
313,268,4
234,268,4
171,165,4
75,192,4
257,150,4
135,220,4
137,161,4
128,215,4
149,272,4
103,132,4
51,185,4
195,149,4
93,205,4
223,188,4
254,191,4
133,135,4
129,147,4
107,138,4
107,212,4
198,136,4
136,155,4
115,79,4
72,259,4
179,150,4
151,144,4
89,157,4
74,230,4
270,261,4
9,223,4
84,184,4
101,34,4
235,233,4
183,104,4
310,255,4
140,86,4
103,156,4
166,266,4
233,159,4
169,64,4
163,80,4
52,213,4
196,200,4
191,230,4
234,185,4
100,43,4
169,82,4
123,217,4
224,228,4
196,214,4
331,212,4
147,284,4
134,125,4
234,145,4
244,155,4
194,180,4
267,161,4
114,37,4
103,54,4
120,231,4
169,171,4
38,249,4
92,209,4
111,193,4
107,210,4
212,255,4
83,192,4
117,50,4
53,188,4
108,87,4
110,226,4
200,164,4
100,24,4
122,81,4
183,175,4
213,187,4
126,124,4
131,74,4
141,93,4
129,23,4
137,225,4
171,144,4
99,229,4
45,187,4
146,293,4
149,276,4
95,189,4
103,171,4
156,286,4
204,226,4
152,99,4
124,256,4
66,190,4
15,228,4
102,203,4
126,122,4
103,46,4
99,217,4
196,182,4
275,276,4
311,199,4
91,229,4
108,186,4
258,205,4
246,128,4
123,230,4
112,125,4
76,212,4
56,240,4
125,225,4
217,215,4
129,51,4
87,188,4
55,60,4
72,241,4
101,33,4
125,180,4
246,260,4
61,239,4
272,181,4
267,154,4
155,193,4
105,222,4
111,62,4
104,131,4
134,126,4
62,261,4
105,220,4
186,219,4
161,270,4
163,22,4
345,178,4
224,187,4
163,272,4
202,188,4
163,277,4
163,160,4
181,113,4
167,177,4
142,289,4
172,164,4
152,287,4
77,182,4
98,259,4
150,77,4
122,70,4
240,187,4
225,187,4
158,276,4
69,245,4
178,196,4
196,221,4
124,227,4
194,183,4
175,260,4
93,48,4
116,143,4
146,45,4
162,266,4
140,259,4
132,66,4
229,263,4
191,97,4
163,295,4
9,222,4
186,169,4
225,128,4
120,123,4
226,178,4
157,290,4
115,195,4
176,204,4
214,230,4
48,235,4
119,150,4
261,149,4
336,199,4
226,126,4
105,142,4
104,128,4
125,166,4
113,170,4
116,42,4
162,244,4
120,58,4
123,225,4
254,206,4
68,221,4
149,291,4
224,245,4
272,265,4
298,250,4
201,207,4
161,186,4
84,162,4
121,61,4
166,250,4
173,175,4
74,195,4
84,73,4
133,69,4
124,236,4
243,166,4
176,194,4
110,224,4
88,188,4
115,181,4
158,72,4
221,246,4
131,271,4
144,145,4
174,89,4
289,230,4
307,255,4
113,247,4
145,71,4
236,138,4
103,162,4
70,198,4
27,233,4
57,244,4
105,227,4
161,79,4
117,176,4
108,230,4
137,164,4
110,253,4
18,226,4
135,215,4
105,257,4
276,182,4
116,181,4
238,252,4
169,264,4
236,134,4
8,215,4
284,177,4
230,235,4
160,165,4
113,172,4
71,217,4
304,277,4
98,217,4
200,175,4
173,154,4
180,198,4
151,83,4
133,271,4
48,221,4
182,97,4
180,73,4
212,181,4
102,144,4
132,97,4
95,50,4
289,184,4
196,100,4
182,111,4
126,229,4
40,204,4
94,183,4
122,164,4
241,194,4
190,191,4
149,283,4
199,98,4
308,290,4
213,118,4
88,184,4
25,219,4
117,183,4
191,193,4
84,62,4
148,72,4
114,247,4
81,215,4
126,228,4
111,15,4
35,244,4
236,133,4
283,185,4
125,179,4
193,225,4
338,203,4
113,210,4
164,265,4
70,254,4
67,200,4
32,244,4
215,141,4
93,135,4
133,53,4
114,100,4
136,71,4
139,205,4
156,159,4
138,83,4
104,70,4
112,241,4
111,203,4
65,191,4
287,188,4
72,195,4
196,222,4
219,198,4
149,236,4
149,134,4
155,194,4
168,296,4
278,260,4
140,9,4
220,229,4
116,70,4
31,232,4
103,25,4
232,261,4
287,183,4
42,237,4
183,137,4
173,260,4
320,204,4
165,247,4
133,60,4
246,235,4
234,194,4
288,254,4
180,169,4
282,177,4
116,116,4
201,132,4
145,260,4
63,254,4
180,276,4
141,165,4
110,15,4
98,47,4
167,180,4
245,156,4
197,215,4
59,255,4
241,231,4
216,247,4
107,214,4
92,192,4
38,202,4
102,52,4
97,210,4
310,197,4
68,204,4
77,260,4
193,113,4
262,148,4
103,144,4
148,235,4
100,204,4
89,166,4
248,151,4
214,248,4
174,63,4
188,100,4
235,265,4
160,258,4
64,243,4
320,206,4
260,159,4
195,231,4
136,60,4
93,242,4
187,186,4
111,69,4
60,62,4
92,191,4
122,51,4
300,202,4
112,70,4
311,198,4
92,201,4
303,262,4
182,75,4
227,172,4
129,178,4
155,290,4
183,111,4
142,230,4
185,181,4
273,264,4
85,219,4
233,185,4
36,218,4
148,288,4
62,188,4
27,250,4
185,120,4
161,120,4
200,213,4
233,234,4
142,70,4
242,233,4
97,37,4
134,186,4
91,191,4
86,184,4
71,186,4
139,193,4
127,166,4
175,59,4
161,78,4
109,115,4
65,243,4
95,220,4
206,179,4
171,266,4
120,91,4
87,190,4
125,155,4
126,61,4
103,138,4
147,175,4
170,277,4
198,245,4
102,221,4
153,105,4
136,224,4
55,217,4
74,69,4
118,142,4
229,258,4
146,246,4
90,188,4
17,222,4
28,236,4
70,205,4
217,125,4
137,68,4
244,163,4
137,87,4
86,43,4
212,206,4
133,151,4
113,146,4
104,121,4
232,171,4
90,234,4
107,52,4
136,142,4
173,162,4
98,198,4
288,282,4
259,182,4
125,196,4
82,63,4
247,170,4
122,187,4
111,215,4
226,246,4
245,181,4
115,80,4
299,282,4
163,296,4
235,262,4
146,70,4
12,231,4
201,231,4
229,225,4
182,271,4
114,94,4
99,224,4
196,119,4
156,273,6
167,79,6
169,78,6
266,155,6
227,136,6
153,276,6
66,235,6
132,93,6
111,145,6
156,67,6
196,215,6
217,181,6
181,173,6
134,68,6
245,232,6
103,136,6
136,211,6
293,191,6
169,265,6
225,172,6
161,277,6
209,256,6
138,58,6
128,65,6
120,254,6
327,245,6
342,163,6
186,282,6
46,207,6
214,146,6
181,267,6
113,88,6
129,79,6
229,121,6
157,114,6
197,98,6
153,107,6
150,105,6
138,159,6
46,212,6
272,269,6
145,195,6
170,255,6
61,200,6
143,156,6
236,263,6
176,158,6
362,206,6
89,26,6
244,166,6
135,190,6
2,211,6
182,171,6
106,212,6
104,211,6
214,124,6
241,139,6
200,120,6
186,179,6
159,268,6
163,14,6
153,150,6
21,225,6
177,106,6
255,249,6
97,39,6
141,157,6
257,178,6
130,150,6
179,263,6
239,143,6
140,135,6
159,161,6
224,117,6
256,190,6
147,94,6
253,144,6
267,180,6
363,212,6
190,80,6
138,198,6
143,105,6
152,252,6
106,83,6
263,252,6
156,93,6
166,78,6
196,88,6
34,236,6
9,219,6
174,284,6
160,140,6
358,206,6
200,119,6
100,35,6
230,121,6
156,106,6
204,168,6
241,143,6
215,172,6
225,130,6
12,232,6
54,203,6
115,42,6
180,175,6
357,208,6
131,268,6
90,232,6
183,178,6
145,90,6
25,226,6
256,144,6
72,194,6
138,244,6
149,293,6
251,154,6
187,254,6
237,266,6
146,58,6
157,98,6
203,115,6
114,45,6
189,100,6
209,136,6
249,196,6
156,98,6
164,169,6
158,115,6
200,84,6
230,260,6
145,46,6
197,102,6
140,63,6
198,113,6
172,82,6
191,112,6
160,83,6
167,231,6
164,109,6
2,214,6
164,78,6
162,285,6
140,157,6
190,115,6
238,247,6
290,186,6
331,176,6
4,217,6
151,67,6
155,106,6
140,156,6
203,156,6
157,161,6
152,274,6
155,250,6
251,200,6
248,155,6
183,239,6
156,238,6
47,207,6
168,95,6
115,21,6
45,218,6
44,211,6
143,195,6
215,183,6
222,117,6
37,203,6
231,184,6
167,161,6
147,100,6
230,138,6
193,182,6
223,187,6
150,253,6
124,143,6
31,216,6
7,216,6
174,59,6
50,213,6
130,183,6
175,98,6
116,26,6
316,289,6
2,212,6
258,187,6
181,100,6
82,165,6
110,144,6
49,248,6
158,85,6
152,76,6
91,39,6
247,157,6
355,206,6
162,276,6
144,155,6
8,210,6
139,154,6
165,267,6
106,130,6
176,113,6
140,260,6
147,151,6
276,161,6
23,236,6
168,157,6
187,253,6
312,279,6
140,56,6
259,156,6
230,150,6
168,94,6
275,179,6
139,159,6
226,116,6
173,263,6
140,280,6
293,193,6
151,157,6
146,188,6
43,207,6
117,97,6
98,153,6
184,281,6
96,14,6
340,194,6
198,159,6
237,245,6
165,287,6
171,158,6
182,176,6
42,207,6
220,117,6
143,98,6
175,104,6
190,176,6
135,66,6
128,50,6
178,82,6
290,175,6
120,65,6
235,159,6
230,187,6
101,52,6
348,198,6
156,100,6
164,71,6
350,201,6
182,227,6
190,101,6
161,91,6
183,69,6
212,246,6
28,220,6
262,147,6
290,198,6
64,215,6
113,231,6
224,122,6
232,124,6
183,108,6
102,48,6
196,128,6
39,214,6
42,208,6
123,61,6
31,241,6
346,175,6
54,224,6
151,66,6
153,275,6
175,207,6
139,137,6
233,194,6
119,21,6
164,93,6
180,183,6
217,228,6
175,94,6
145,94,6
102,141,6
233,132,6
184,177,6
169,172,6
311,280,6
139,63,6
182,70,6
151,73,6
230,156,6
134,271,6
189,174,6
226,186,6
132,69,6
321,168,6
335,181,6
184,100,6
251,257,6
178,108,6
147,68,6
224,244,6
156,95,6
120,166,6
126,78,6
134,252,6
219,118,6
134,146,6
229,191,6
209,124,6
93,54,6
261,148,6
163,73,6
35,225,6
258,182,6
159,11,6
155,109,6
208,246,6
153,103,6
243,150,6
212,187,6
189,176,6
172,64,6
91,235,6
46,211,6
134,13,6
348,200,6
204,145,6
146,12,6
182,67,6
100,214,6
242,157,6
170,90,6
5,213,6
173,60,6
174,94,6
158,215,6
146,68,6
244,153,6
135,69,6
133,270,6
211,151,6
333,190,6
165,32,6
138,211,6
246,178,6
252,154,6
148,101,6
123,25,6
231,122,6
133,152,6
101,205,6
202,176,6
105,190,6
195,114,6
248,156,6
167,81,6
129,62,6
87,257,6
178,105,6
228,185,6
133,63,6
139,11,6
123,24,6
201,139,6
236,266,6
163,274,6
102,235,6
117,42,6
204,252,6
181,76,6
136,63,6
167,90,6
105,51,6
137,88,6
170,264,6
118,31,6
219,117,6
154,98,6
344,197,6
148,97,6
336,210,6
239,131,6
143,193,6
155,107,6
134,122,6
309,169,6
352,199,6
142,89,6
81,26,6
182,246,6
226,115,6
169,62,6
221,115,6
246,177,6
109,103,6
178,86,6
134,75,6
12,222,6
199,244,6
151,101,6
216,148,6
222,125,6
266,248,6
137,148,6
158,157,6
166,97,6
216,117,6
195,228,6
192,109,6
167,185,6
157,157,6
119,22,6
175,254,6
256,159,6
183,169,6
132,90,6
156,64,6
170,154,6
232,267,6
183,68,6
219,230,6
171,70,6
195,107,6
118,39,6
158,154,6
143,97,6
159,154,6
145,22,6
220,126,6
222,146,6
267,159,6
72,58,6
186,234,6
146,197,6
196,94,6
187,251,6
161,158,6
154,66,6
167,265,6
327,201,6
127,63,6
176,82,6
173,102,6
117,109,6
227,185,6
8,216,6
270,152,6
361,211,6
174,245,6
152,69,6
148,284,6
222,127,6
7,215,6
150,90,6
237,139,6
120,60,6
99,152,6
113,184,6
192,124,6
144,69,6
165,95,6
346,198,6
242,150,6
136,135,6
179,103,6
185,101,6
167,97,6
1,214,6
225,116,6
204,171,6
175,284,6
262,150,6
183,102,6
121,158,6
129,155,6
250,154,6
146,232,6
10,211,6
192,183,6
170,110,6
163,92,6
219,114,6
302,255,6
199,84,6
110,131,6
125,75,6
240,192,6
154,95,6
270,160,6
142,99,6
187,84,6
287,242,6
142,65,6
132,59,6
254,163,6
184,70,6
146,63,6
13,227,6
197,110,6
99,158,6
42,236,6
143,149,6
187,178,6
101,25,6
351,207,6
135,254,6
111,134,6
146,98,6
81,214,6
145,154,6
163,161,6
163,81,6
242,188,6
88,213,6
180,68,6
336,182,6
210,242,6
106,131,6
152,275,6
235,268,6
225,185,6
168,268,6
184,113,6
76,232,6
196,95,6
155,103,6
232,123,6
181,279,6
304,166,6
172,84,6
97,15,6
128,58,6
226,117,6
107,146,6
237,124,6
192,181,6
6,211,6
211,187,6
132,83,6
181,178,6
119,19,6
117,29,6
177,170,6
341,162,6
260,152,6
135,62,6
271,219,6
231,249,6
146,189,6
6,212,6
124,162,6
220,184,6
226,123,6
154,103,6
152,277,6
305,195,6
150,86,6
130,156,6
140,150,6
247,156,6
197,128,6
146,50,6
246,137,6
204,251,6
239,195,6
243,192,6
183,280,6
156,99,6
156,83,6
218,185,6
248,248,6
224,114,6
137,211,6
110,215,6
176,145,6
221,114,6
62,259,6
221,122,6
151,69,6
107,56,6
118,162,6
145,197,6
187,255,6
223,129,6
179,73,6
230,126,6
115,45,6
348,203,6
106,67,6
197,82,6
204,104,6
75,180,6
9,214,6
187,228,6
232,121,6
102,140,6
76,206,6
133,93,6
362,211,6
115,20,6
201,115,6
204,255,6
123,23,6
152,74,6
184,74,6
163,176,6
220,188,6
185,172,6
15,222,6
169,56,6
169,90,6
174,102,6
152,67,6
170,65,6
168,266,6
154,96,6
143,194,6
97,40,6
49,211,6
146,57,6
145,98,6
235,150,6
101,178,6
28,216,6
184,280,6
309,191,6
151,45,6
204,156,6
226,130,6
133,78,6
139,155,6
44,227,6
241,132,6
180,275,6
128,125,6
189,113,6
88,28,6
328,211,6
37,196,6
165,232,6
188,114,6
189,196,6
124,205,6
331,214,6
179,108,6
77,196,6
171,94,6
222,128,6
213,185,6
226,114,6
112,259,6
174,84,6
150,18,6
242,137,6
222,131,6
79,176,6
132,61,6
166,159,6
269,152,6
244,135,6
100,160,6
108,50,6
112,143,6
151,102,6
232,265,6
103,184,6
235,266,6
282,236,6
149,72,6
163,94,6
337,164,6
169,66,6
169,61,6
143,154,6
127,223,6
337,190,6
226,134,6
146,96,6
187,87,6
101,172,6
236,193,6
248,176,6
167,102,6
127,54,6
293,204,6
175,92,6
80,214,6
156,119,6
165,160,6
337,203,6
189,119,6
131,75,6
195,106,6
151,59,6
194,99,6
199,110,6
205,141,6
98,208,6
163,162,6
136,22,6
253,160,6
114,231,6
165,159,6
26,219,6
147,282,6
213,181,6
191,228,6
155,111,6
204,253,6
191,179,6
197,104,6
172,144,6
259,188,6
110,221,6
186,172,6
245,162,6
245,178,6
206,246,6
241,149,6
121,159,6
110,13,6
216,182,6
178,112,6
164,79,6
142,54,6
180,158,6
227,246,6
25,232,6
68,203,6
349,201,6
239,196,6
156,116,6
167,83,6
140,265,6
198,234,6
8,229,6
305,287,6
183,70,6
128,150,6
68,29,6
143,70,6
125,234,6
142,150,6
94,31,6
225,115,6
283,282,6
131,71,6
115,96,6
275,254,6
169,261,6
133,104,6
222,114,6
20,223,6
306,194,6
153,95,6
338,161,6
133,61,6
190,112,6
338,177,6
97,60,6
163,275,6
106,147,6
256,150,6
95,31,6
160,63,6
130,77,6
156,94,6
202,172,6
110,23,6
138,49,6
50,205,6
219,116,6
178,103,6
155,288,6
136,98,6
248,178,6
108,144,6
187,73,6
100,164,6
256,166,6
228,121,6
193,234,6
145,68,6
86,27,6
153,87,6
264,152,6
222,255,6
95,243,6
253,235,6
280,277,6
208,254,6
37,218,6
320,224,6
242,126,6
41,236,6
182,69,6
132,74,6
205,230,6
161,104,6
12,227,6
299,249,6
127,145,6
196,114,6
130,207,6
195,95,6
88,216,6
344,200,6
120,148,6
174,104,6
172,92,6
7,213,6
160,280,6
222,112,6
183,278,6
308,228,6
225,127,6
97,32,6
170,261,6
180,271,6
53,222,6
156,79,6
134,113,6
191,236,6
270,248,6
49,226,6
54,216,6
227,186,6
173,123,6
166,292,6
167,256,6
103,34,6
154,212,6
160,120,6
138,60,6
146,266,6
124,141,6
105,144,6
260,148,6
169,94,6
187,229,6
143,85,6
218,123,6
181,196,6
153,98,6
243,188,6
318,200,6
2,213,6
144,89,6
12,214,6
120,157,6
95,163,6
170,64,6
204,185,6
121,31,6
233,190,6
247,251,6
147,12,6
155,286,6
251,125,6
203,114,6
155,86,6
145,92,6
107,66,6
191,178,6
207,189,6
143,153,6
152,149,6
205,142,6
105,145,6
347,202,6
234,129,6
331,199,6
15,212,6
244,258,6
75,25,6
148,149,6
197,113,6
113,79,6
111,146,6
173,91,6
106,207,6
16,216,6
258,179,6
178,162,6
164,289,6
191,101,6
182,169,6
156,61,6
109,82,6
241,157,6
242,132,6
117,19,6
154,119,6
192,185,6
135,253,6
356,198,6
182,102,6
137,158,6
146,201,6
175,266,6
81,228,6
138,61,6
19,229,6
127,143,6
120,206,6
164,86,6
94,62,6
187,177,6
360,206,6
243,194,6
151,97,6
192,113,6
172,267,6
80,216,6
242,259,6
328,239,6
336,212,6
202,200,6
167,279,6
143,256,6
196,92,6
48,244,6
119,61,6
337,191,6
59,242,6
271,278,6
182,175,6
124,198,6
234,138,6
45,217,6
63,192,6
261,146,6
135,212,6
149,79,6
214,118,6
101,215,6
249,123,6
151,98,6
208,255,6
241,198,6
33,221,6
273,184,6
206,142,6
146,69,6
236,187,6
61,210,6
153,89,6
4,212,6
205,242,6
141,252,6
148,73,6
166,164,6
183,274,6
120,31,6
191,110,6
130,35,6
232,122,6
158,114,6
343,195,6
320,284,6
106,50,6
3,211,6
20,224,6
42,227,6
120,235,6
321,166,6
221,128,6
231,186,6
155,63,6
166,87,6
206,247,6
244,190,6
180,163,6
131,122,6
173,71,6
237,265,6
148,65,6
223,122,6
189,94,6
105,124,6
134,46,6
93,185,6
114,95,6
145,232,6
252,157,6
8,211,6
166,92,6
139,58,6
8,228,6
98,165,6
152,89,6
132,49,6
238,138,6
192,237,6
239,234,6
161,98,6
127,144,6
194,124,6
358,207,6
156,165,6
160,36,8
354,198,8
160,39,8
148,27,8
151,36,8
152,25,8
301,166,8
162,39,8
291,166,8
136,35,8
198,85,8
347,193,8
350,179,8
30,211,8
336,174,8
164,49,8
201,91,8
151,40,8
190,70,8
140,31,8
147,18,8
148,36,8
146,27,8
289,163,8
139,35,8
137,35,8
142,29,8
345,185,8
334,181,8
161,39,8
294,165,8
190,66,8
193,80,8
156,46,8
189,70,8
354,199,8
265,152,8
192,73,8
163,45,8
153,31,8
164,45,8
158,42,8
140,25,8
148,23,8
346,191,8
201,89,8
192,70,8
140,38,8
150,24,8
148,26,8
152,26,8
141,42,8
267,153,8
156,35,8
162,36,8
353,193,8
158,38,8
154,38,8
349,192,8
342,189,8
340,187,8
296,157,8
335,184,8
349,195,8
137,29,8
333,180,8
361,203,8
348,185,8
183,64,8
136,36,8
193,78,8
138,38,8
44,222,8
146,35,8
149,35,8
350,191,8
150,22,8
343,188,8
165,47,8
145,37,8
153,26,8
191,71,8
197,85,8
194,81,8
139,34,8
202,87,8
142,30,8
136,37,8
137,36,8
193,73,8
185,63,8
253,123,8
291,165,8
140,24,8
204,91,8
278,152,8
152,29,8
255,114,8
183,62,8
150,26,8
284,155,8
149,34,8
138,35,8
149,30,8
204,96,8
184,63,8
166,47,8
143,31,8
132,26,8
294,158,8
142,31,8
160,40,8
138,33,8
287,158,8
149,33,8
151,23,8
337,187,8
194,82,8
156,49,8
38,207,8
159,28,8
154,32,8
144,35,8
336,183,8
141,27,8
144,30,8
203,95,8
153,36,8
193,71,8
147,24,8
157,48,8
355,214,8
142,38,8
131,28,8
343,183,8
140,35,8
345,189,8
156,48,8
189,71,8
201,87,8
161,29,8
145,40,8
357,201,8
136,26,8
297,162,8
134,38,8
331,188,8
158,45,8
156,33,8
165,44,8
336,192,8
348,187,8
153,37,8
153,32,8
142,28,8
303,167,8
135,33,8
347,194,8
160,47,8
131,25,8
152,30,8
139,24,8
146,41,8
154,36,8
329,184,8
144,40,8
162,38,8
346,196,8
200,89,8
152,28,8
151,30,8
164,46,8
144,31,8
139,26,8
201,86,8
253,115,8
164,52,8
198,84,8
144,28,8
147,34,8
342,182,8
198,86,8
40,224,8
344,186,8
164,48,8
163,43,8
154,40,8
346,182,8
346,193,8
149,22,8
137,28,8
155,41,8
196,83,8
154,29,8
360,201,8
192,78,8
158,36,8
152,35,8
346,185,8
354,214,8
153,34,8
157,45,8
353,194,8
144,39,8
152,22,8
335,182,8
157,41,8
154,31,8
135,24,8
191,76,8
192,71,8
348,189,8
141,33,8
193,85,8
160,45,8
150,30,8
191,65,8
250,124,8
206,99,8
149,39,8
157,27,8
187,67,8
195,82,8
150,31,8
148,32,8
206,96,8
354,196,8
295,158,8
194,80,8
204,93,8
143,30,8
252,120,8
342,198,8
332,183,8
165,59,8
201,88,8
360,202,8
136,33,8
153,33,8
140,26,8
156,40,8
145,41,8
288,159,8
158,31,8
298,161,8
232,128,8
354,195,8
157,34,8
34,210,8
143,27,8
139,31,8
293,167,8
160,43,8
341,185,8
141,35,8
146,39,8
137,37,8
160,42,8
342,181,8
255,117,8
339,184,8
153,50,8
338,193,8
287,159,8
341,184,8
144,24,8
288,161,8
352,196,8
144,41,8
166,44,8
143,25,8
344,182,8
155,39,8
257,115,8
160,44,8
162,35,8
142,34,8
149,37,8
256,120,8
230,127,8
162,42,8
207,99,8
363,211,8
147,33,8
290,162,8
154,37,8
200,86,8
356,199,8
339,178,8
146,31,8
303,163,8
206,95,8
155,26,8
284,157,8
192,69,8
182,61,8
153,51,8
149,21,8
299,161,8
192,83,8
146,38,8
156,39,8
195,83,8
152,33,8
150,39,8
143,28,8
16,209,8
164,43,8
325,168,8
139,28,8
183,63,8
147,23,8
192,76,8
154,42,8
139,36,8
255,116,8
200,87,8
150,29,8
297,161,8
164,44,8
153,22,8
186,64,8
147,38,8
145,25,8
159,42,8
330,183,8
149,23,8
154,49,8
328,169,8
133,28,8
134,28,8
350,190,8
339,177,8
339,185,8
357,199,8
280,154,8
350,192,8
153,43,8
197,83,8
141,37,8
159,37,8
333,179,8
134,26,8
256,114,8
191,70,8
344,189,8
340,186,8
161,36,8
199,87,8
149,40,8
205,93,8
355,200,8
153,27,8
232,129,8
253,116,8
334,182,8
199,88,8
202,90,8
147,36,8
157,42,8
142,33,8
141,36,8
188,65,8
204,94,8
363,202,8
144,37,8
338,183,8
156,36,8
292,164,8
350,198,8
150,37,8
348,192,8
191,72,8
345,190,8
278,153,8
41,212,8
156,38,8
187,66,8
334,180,8
342,178,8
337,183,8
164,51,8
150,32,8
133,26,8
292,166,8
161,41,8
157,31,8
340,178,8
302,162,8
145,38,8
363,207,8
349,190,8
164,58,8
155,35,8
132,28,8
141,24,8
194,85,8
353,197,8
143,35,8
155,45,8
338,182,8
151,37,8
337,184,8
154,25,8
166,59,8
350,177,8
143,36,8
159,40,8
365,203,8
148,35,8
266,151,8
137,25,8
188,67,8
160,30,8
152,47,8
164,50,8
343,191,8
151,41,8
146,29,8
204,105,8
153,47,8
348,191,8
159,41,8
150,40,8
154,33,8
155,38,8
145,31,8
143,37,8
37,210,8
147,26,8
141,25,8
154,28,8
136,28,8
346,187,8
29,209,8
283,154,8
133,29,8
150,27,8
182,65,8
297,159,8
166,46,8
143,24,8
347,187,8
347,186,8
143,29,8
340,189,8
190,68,8
293,165,8
341,181,8
146,32,8
254,119,8
135,26,8
152,24,8
341,179,8
283,157,8
301,165,8
307,167,8
345,187,8
160,37,8
331,181,8
148,38,8
300,168,8
135,28,8
162,43,8
159,36,8
33,207,8
143,38,8
154,24,8
32,210,8
290,164,8
336,184,8
339,188,8
155,34,8
190,67,8
338,184,8
337,182,8
343,182,8
355,197,8
338,175,8
284,156,8
154,39,8
163,52,8
138,29,8
163,46,8
146,40,8
291,164,8
280,156,8
334,190,8
148,39,8
142,25,8
363,203,8
345,186,8
138,23,8
149,31,8
140,36,8
153,28,8
193,70,8
200,85,8
337,185,8
157,32,8
339,195,8
151,35,8
167,58,8
253,122,8
157,44,8
195,74,8
155,43,8
145,34,8
148,28,8
285,155,8
142,26,8
152,32,8
159,45,8
167,44,8
145,35,8
136,34,8
332,177,8
261,151,8
143,33,8
138,28,8
148,34,8
145,24,8
132,27,8
155,33,8
195,76,8
161,45,8
191,74,8
348,190,8
288,158,8
294,157,8
161,38,8
149,28,8
341,178,8
347,188,8
193,74,8
191,67,8
137,26,8
192,72,8
135,25,8
352,193,8
208,99,8
351,197,8
359,201,8
256,121,8
164,37,8
147,28,8
129,29,8
159,44,8
20,206,8
146,36,8
349,189,8
259,151,8
365,205,8
194,71,8
346,188,8
156,43,8
139,30,8
157,37,8
154,34,8
362,202,8
342,191,8
260,151,8
191,69,8
197,84,8
289,160,8
351,192,8
145,44,8
139,37,8
160,35,8
154,43,8
346,186,8
146,34,8
355,198,8
350,193,8
343,184,8
137,33,8
155,48,8
140,27,8
340,185,8
343,199,8
283,155,8
149,26,8
142,37,8
276,154,8
288,160,8
350,196,8
347,195,8
195,77,8
360,200,8
352,197,8
157,46,8
145,32,8
349,188,8
164,42,8
150,36,8
151,27,8
341,186,8
153,35,8
137,31,8
162,45,8
153,39,8
149,32,8
155,44,8
332,187,8
200,90,8
358,200,8
149,29,8
144,33,8
132,38,8
159,38,8
155,27,8
195,72,8
256,115,8
293,166,8
206,97,8
141,31,8
342,187,8
156,42,8
151,29,8
328,180,8
251,124,8
151,24,8
156,47,8
143,40,8
132,31,8
139,23,8
144,34,8
138,26,8
151,28,8
254,115,8
142,24,8
136,27,8
280,152,8
154,41,8
163,47,8
152,37,8
279,153,8
340,180,8
150,25,8
193,83,8
155,47,8
297,158,8
153,29,8
348,193,8
141,38,8
196,85,8
140,32,8
142,42,8
150,33,8
171,46,8
340,183,8
189,69,8
163,61,8
144,26,8
160,28,8
334,183,8
163,60,8
195,75,8
340,181,8
282,154,8
163,42,8
256,116,8
134,27,8
155,37,8
343,186,8
139,29,8
138,32,8
332,188,8
158,40,8
153,49,8
348,194,8
160,46,8
255,118,8
298,163,8
141,34,8
355,199,8
298,164,8
165,45,8
337,177,8
158,37,8
344,194,8
132,30,8
348,196,8
34,215,8
206,98,8
339,183,8
137,30,8
165,43,8
289,158,8
339,180,8
206,93,8
130,28,8
344,193,8
344,190,8
341,196,8
137,40,8
156,41,8
194,73,8
359,202,8
303,168,8
304,164,8
203,90,8
233,129,8
356,200,8
335,185,8
147,21,8
153,38,8
147,29,8
282,153,8
141,30,8
152,40,8
157,39,8
201,90,8
146,25,8
145,26,8
154,30,8
148,22,8
344,184,8
199,85,8
153,48,8
156,29,8
268,151,8
300,160,8
337,192,8
185,64,8
34,202,8
158,41,8
141,29,8
133,37,8
287,157,8
129,28,8
138,34,8
276,152,8
267,152,8
149,24,8
288,162,8
345,193,8
138,24,8
148,29,8
296,161,8
357,197,8
163,36,8
143,34,8
153,46,8
347,189,8
343,187,8
296,158,8
187,64,8
156,30,8
150,38,8
186,65,8
154,48,8
193,84,8
136,29,8
31,213,8
144,25,8
300,165,8
140,23,8
195,81,8
152,23,8
157,47,8
351,196,8
155,36,8
296,160,8
161,35,8
195,85,8
189,68,8
350,189,8
364,209,8
157,40,8
158,32,8
295,157,8
35,201,8
257,120,8
156,31,8
189,67,8
164,62,8
290,161,8
143,39,8
18,209,8
151,38,8
202,88,8
205,94,8
257,119,8
154,45,8
165,49,8
205,96,8
194,76,8
149,27,8
140,37,8
360,208,8
205,92,8
344,183,8
200,91,8
152,36,8
339,179,8
281,154,8
262,151,8
253,114,8
159,39,8
27,211,8
278,154,8
345,181,8
350,194,8
155,31,8
42,211,8
199,86,8
156,37,8
148,33,8
133,38,8
153,30,8
145,36,8
138,25,8
137,24,8
145,33,8
153,20,8
194,79,8
349,186,8
293,157,8
191,77,8
193,77,8
36,210,8
195,84,8
151,34,8
141,26,8
137,34,8
196,82,8
141,28,8
151,32,8
139,25,8
350,197,8
200,88,8
149,25,8
355,213,8
351,181,8
147,31,8
129,27,8
147,27,8
145,30,8
155,42,8
155,29,8
141,32,8
263,151,8
147,20,8
154,27,8
282,155,8
362,201,8
162,44,8
156,34,8
140,34,8
341,188,8
274,151,8
190,76,8
299,159,8
191,66,8
156,27,8
156,32,8
163,37,8
192,75,8
155,49,8
277,152,8
145,39,8
136,38,8
158,44,8
140,28,8
195,73,8
279,152,8
359,200,8
330,181,8
165,48,8
309,166,8
345,191,8
198,83,8
191,68,8
138,37,8
286,156,8
154,47,8
23,212,8
149,36,8
142,36,8
142,35,8
347,196,8
159,46,8
256,122,8
179,65,8
151,33,8
205,95,8
151,25,8
282,156,8
142,32,8
150,35,8
192,68,8
291,163,8
296,159,8
188,66,8
139,27,8
134,37,8
289,161,8
193,75,8
190,71,8
229,126,8
34,207,8
137,27,8
184,64,8
144,43,8
363,205,8
277,153,8
139,32,8
194,74,8
161,31,8
153,40,8
361,201,8
286,158,8
189,66,8
136,25,8
148,37,8
147,39,8
190,77,8
138,31,8
147,37,8
346,190,8
31,208,8
137,32,8
157,43,8
156,45,8
342,183,8
254,121,8
342,179,8
37,208,8
364,202,8
149,38,8
130,27,8
143,26,8
352,195,8
158,46,8
159,35,8
163,44,8
37,209,8
144,27,8
165,51,8
337,181,8
283,156,8
254,114,8
188,68,8
193,72,8
356,196,8
36,207,8
152,31,8
255,121,8
144,29,8
351,193,8
161,46,8
161,37,8
252,116,8
348,195,8
193,79,8
152,38,8
333,187,8
256,118,8
342,193,8
349,187,8
150,28,8
151,22,8
158,43,8
361,202,8
166,50,8
194,72,8
253,119,8
147,40,8
341,197,8
154,46,8
333,183,8
134,36,8
205,99,8
202,89,8
144,36,8
140,33,8
148,24,8
143,32,8
362,203,8
193,76,8
147,30,8
138,36,8
346,189,8
154,44,8
155,40,8
329,167,8
155,46,8
187,65,8
147,35,8
338,187,8
194,83,8
275,151,8
157,36,8
344,191,8
365,202,8
144,38,8
142,27,8
152,39,8
192,74,8
176,78,10
155,253,10
164,154,10
165,60,10
40,223,10
207,98,10
145,16,10
305,166,10
123,79,10
148,42,10
35,217,10
196,106,10
206,102,10
154,19,10
162,50,10
165,25,10
143,45,10
51,216,10
29,211,10
156,9,10
120,18,10
175,78,10
167,53,10
245,142,10
154,179,10
26,211,10
254,117,10
156,11,10
167,48,10
104,24,10
168,54,10
122,19,10
151,77,10
129,26,10
173,77,10
140,44,10
143,43,10
142,41,10
148,58,10
129,57,10
168,86,10
118,52,10
184,67,10
342,167,10
108,20,10
141,23,10
155,60,10
201,104,10
148,20,10
274,153,10
130,29,10
142,12,10
204,98,10
114,12,10
160,62,10
286,157,10
151,51,10
26,206,10
186,66,10
119,38,10
48,215,10
164,31,10
337,178,10
107,68,10
155,24,10
50,219,10
333,178,10
123,32,10
126,57,10
24,211,10
202,101,10
203,233,10
13,208,10
205,101,10
38,200,10
125,15,10
322,167,10
163,58,10
139,81,10
162,75,10
29,224,10
342,190,10
331,186,10
112,56,10
156,28,10
344,185,10
250,121,10
165,63,10
191,84,10
48,224,10
155,81,10
41,206,10
175,75,10
187,91,10
254,118,10
129,34,10
176,224,10
166,52,10
32,213,10
359,206,10
53,224,10
110,12,10
28,211,10
163,79,10
100,15,10
245,126,10
127,17,10
164,64,10
154,237,10
37,223,10
76,41,10
131,67,10
348,197,10
341,182,10
346,192,10
175,62,10
138,16,10
109,18,10
298,160,10
203,103,10
156,20,10
186,91,10
168,49,10
252,118,10
133,33,10
129,42,10
133,20,10
113,13,10
32,227,10
160,59,10
142,22,10
358,208,10
353,195,10
196,96,10
170,83,10
8,214,10
18,211,10
88,219,10
161,32,10
158,21,10
175,72,10
131,37,10
106,19,10
198,169,10
189,97,10
168,93,10
137,14,10
23,205,10
146,80,10
165,50,10
344,177,10
108,18,10
205,102,10
85,24,10
149,20,10
109,20,10
155,30,10
35,227,10
169,83,10
17,212,10
345,194,10
151,65,10
108,42,10
134,32,10
156,18,10
148,19,10
135,31,10
131,38,10
130,20,10
192,79,10
145,42,10
166,91,10
139,38,10
350,214,10
337,189,10
150,45,10
28,205,10
117,15,10
153,73,10
152,62,10
283,158,10
165,94,10
45,223,10
167,62,10
144,65,10
135,52,10
132,64,10
159,30,10
154,72,10
163,35,10
107,38,10
172,65,10
162,53,10
337,161,10
19,209,10
165,70,10
132,17,10
151,76,10
161,33,10
249,124,10
137,41,10
125,32,10
244,137,10
166,29,10
133,36,10
130,23,10
167,26,10
51,214,10
142,43,10
202,103,10
250,123,10
200,103,10
337,193,10
255,194,10
349,202,10
164,29,10
150,70,10
146,14,10
141,44,10
172,77,10
286,160,10
180,58,10
336,191,10
328,185,10
106,20,10
109,15,10
358,210,10
340,184,10
221,120,10
153,65,10
201,92,10
21,207,10
18,213,10
202,91,10
200,102,10
203,168,10
179,60,10
171,74,10
168,71,10
152,19,10
30,206,10
28,218,10
198,89,10
159,47,10
172,74,10
17,209,10
203,173,10
152,51,10
130,71,10
125,27,10
25,214,10
181,82,10
33,208,10
32,209,10
169,52,10
146,23,10
142,20,10
143,63,10
36,216,10
97,33,10
146,24,10
25,210,10
113,42,10
337,158,10
162,46,10
178,74,10
33,205,10
161,17,10
124,60,10
188,80,10
204,101,10
153,53,10
158,25,10
119,13,10
349,196,10
152,41,10
341,159,10
36,212,10
188,77,10
331,185,10
129,40,10
151,43,10
338,158,10
127,25,10
162,32,10
197,97,10
195,97,10
129,46,10
81,33,10
62,29,10
47,224,10
116,66,10
139,79,10
363,204,10
332,178,10
190,78,10
129,32,10
143,42,10
127,32,10
162,56,10
20,229,10
158,18,10
361,209,10
192,104,10
202,104,10
153,9,10
342,194,10
110,10,10
26,210,10
337,175,10
45,222,10
145,17,10
17,211,10
335,174,10
160,25,10
149,44,10
167,60,10
130,43,10
45,204,10
133,22,10
118,15,10
188,74,10
148,260,10
11,208,10
99,22,10
135,41,10
337,186,10
169,96,10
169,274,10
201,93,10
362,208,10
80,238,10
122,32,10
253,120,10
151,71,10
168,48,10
142,81,10
35,218,10
115,14,10
263,145,10
186,72,10
343,190,10
158,79,10
89,28,10
189,91,10
37,226,10
27,217,10
166,35,10
103,18,10
38,209,10
46,218,10
208,184,10
133,27,10
138,19,10
131,48,10
183,73,10
44,220,10
168,62,10
113,32,10
338,179,10
141,48,10
176,72,10
154,23,10
33,211,10
29,207,10
362,209,10
177,77,10
168,27,10
169,46,10
55,226,10
102,21,10
240,131,10
185,72,10
145,43,10
155,13,10
165,55,10
202,173,10
284,158,10
136,50,10
115,11,10
51,227,10
168,55,10
234,131,10
161,51,10
110,19,10
163,59,10
21,206,10
115,35,10
55,227,10
193,97,10
50,224,10
38,213,10
190,92,10
53,219,10
130,38,10
128,35,10
117,17,10
161,27,10
142,61,10
34,201,10
351,206,10
48,219,10
122,79,10
185,89,10
154,20,10
359,210,10
108,70,10
155,21,10
166,32,10
35,204,10
29,219,10
352,214,10
103,19,10
166,33,10
340,176,10
132,46,10
175,55,10
34,203,10
306,166,10
100,40,10
134,55,10
358,203,10
245,125,10
182,68,10
131,32,10
171,47,10
323,168,10
181,62,10
157,84,10
151,82,10
49,217,10
128,16,10
127,33,10
154,14,10
181,83,10
166,60,10
172,60,10
155,22,10
349,191,10
128,31,10
169,77,10
141,46,10
317,164,10
350,205,10
131,39,10
24,240,10
338,194,10
350,180,10
23,210,10
130,31,10
195,87,10
173,74,10
174,78,10
334,188,10
121,15,10
122,60,10
158,22,10
19,210,10
347,184,10
188,78,10
159,22,10
128,20,10
133,24,10
143,44,10
123,21,10
161,56,10
272,155,10
123,60,10
330,184,10
343,193,10
19,211,10
155,11,10
42,204,10
177,84,10
153,19,10
206,101,10
85,40,10
186,70,10
18,216,10
345,182,10
96,33,10
131,70,10
323,171,10
132,24,10
274,154,10
176,75,10
96,24,10
19,206,10
165,35,10
140,18,10
135,36,10
46,222,10
190,88,10
133,45,10
292,161,10
132,16,10
136,21,10
158,20,10
185,67,10
175,76,10
107,55,10
100,21,10
166,30,10
105,8,10
152,17,10
37,204,10
140,46,10
52,224,10
29,212,10
18,217,10
98,21,10
266,153,10
178,85,10
169,58,10
116,74,10
137,13,10
251,121,10
156,25,10
126,33,10
204,110,10
161,61,10
173,78,10
199,171,10
37,228,10
148,21,10
168,58,10
329,182,10
161,64,10
28,212,10
246,124,10
184,96,10
121,21,10
177,62,10
202,107,10
130,34,10
134,18,10
95,62,10
138,22,10
142,17,10
18,210,10
178,60,10
183,95,10
204,172,10
356,209,10
205,106,10
343,181,10
204,109,10
51,217,10
162,63,10
190,82,10
126,32,10
161,15,10
184,88,10
126,31,10
162,51,10
98,22,10
127,15,10
157,51,10
339,165,10
30,219,10
113,28,10
99,21,10
158,19,10
34,217,10
141,47,10
40,225,10
171,61,10
342,199,10
89,156,10
142,18,10
166,53,10
358,212,10
52,215,10
177,57,10
79,31,10
192,80,10
134,25,10
42,222,10
122,23,10
203,110,10
199,112,10
163,126,10
171,93,10
174,70,10
334,191,10
11,209,10
158,49,10
140,87,10
132,42,10
146,17,10
342,186,10
38,206,10
124,15,10
115,64,10
186,68,10
201,85,10
168,57,10
38,217,10
121,23,10
201,95,10
3,210,10
135,29,10
333,181,10
132,18,10
153,17,10
42,212,10
189,81,10
43,227,10
85,35,10
105,16,10
135,16,10
175,80,10
162,109,10
155,52,10
153,52,10
85,47,10
160,60,10
345,188,10
192,91,10
75,26,10
190,79,10
202,105,10
357,213,10
259,147,10
285,160,10
362,212,10
183,85,10
122,20,10
280,155,10
334,179,10
133,39,10
136,19,10
125,20,10
187,68,10
159,33,10
24,234,10
145,23,10
153,74,10
44,221,10
196,81,10
162,85,10
140,45,10
167,28,10
115,22,10
199,96,10
116,16,10
337,195,10
35,234,10
284,159,10
333,185,10
149,85,10
203,98,10
229,125,10
146,16,10
185,66,10
183,97,10
180,89,10
355,201,10
37,225,10
161,75,10
150,58,10
126,62,10
128,79,10
205,114,10
344,178,10
115,13,10
30,214,10
332,185,10
58,255,10
353,214,10
360,212,10
92,20,10
166,66,10
182,85,10
126,202,10
128,19,10
159,32,10
176,79,10
130,68,10
141,60,10
194,111,10
249,122,10
47,226,10
177,71,10
181,85,10
251,123,10
181,159,10
320,165,10
131,33,10
230,128,10
359,208,10
184,95,10
159,52,10
272,152,10
161,66,10
108,101,10
43,222,10
161,44,10
121,176,10
144,70,10
180,62,10
105,37,10
30,215,10
22,214,10
338,164,10
243,126,10
8,208,10
202,102,10
36,226,10
150,17,10
199,89,10
51,225,10
126,24,10
166,56,10
275,152,10
171,79,10
342,197,10
164,65,10
121,70,10
181,103,10
211,118,10
248,125,10
204,113,10
99,16,10
166,68,10
155,50,10
357,202,10
164,54,10
125,35,10
358,214,10
186,97,10
33,210,10
196,86,10
163,48,10
330,185,10
111,27,10
114,19,10
197,92,10
129,43,10
161,26,10
54,217,10
354,197,10
336,160,10
137,39,10
172,78,10
183,72,10
156,14,10
160,26,10
140,41,10
108,28,10
142,39,10
164,27,10
190,89,10
131,20,10
172,75,10
176,66,10
190,74,10
340,162,10
258,151,10
38,204,10
21,212,10
164,67,10
347,183,10
163,18,10
190,95,10
163,68,10
113,12,10
165,100,10
183,80,10
343,198,10
121,243,10
190,91,10
41,226,10
13,210,10
132,68,10
162,65,10
191,83,10
169,57,10
44,228,10
141,150,10
243,142,10
105,25,10
50,228,10
146,21,10
291,160,10
191,89,10
303,169,10
183,91,10
357,200,10
235,133,10
27,209,10
114,58,10
154,18,10
147,19,10
151,50,10
164,55,10
136,23,10
135,23,10
212,118,10
191,92,10
139,77,10
141,21,10
161,148,10
100,54,10
50,218,10
70,29,10
191,82,10
126,34,10
151,48,10
183,96,10
166,82,10
361,205,10
153,69,10
143,41,10
320,164,10
136,40,10
27,210,10
121,25,10
110,58,10
30,216,10
150,44,10
151,11,10
23,203,10
333,184,10
46,224,10
109,37,10
150,20,10
46,220,10
340,182,10
172,48,10
245,140,10
147,101,10
184,160,10
175,96,10
125,36,10
163,53,10
102,17,10
174,82,10
162,58,10
133,21,10
203,99,10
51,219,10
101,18,10
166,94,10
103,24,10
157,21,10
111,14,10
170,59,10
29,200,10
171,68,10
179,64,10
260,145,10
153,23,10
29,210,10
161,69,10
20,230,10
158,74,10
26,208,10
234,132,10
163,62,10
142,15,10
163,23,10
198,93,10
166,90,10
244,195,10
24,212,10
167,59,10
167,94,10
341,189,10
138,14,10
152,42,10
129,49,10
342,184,10
310,167,10
154,12,10
124,23,10
35,213,10
319,165,10
38,220,10
135,22,10
338,189,10
166,65,10
129,30,10
130,37,10
73,30,10
199,101,10
182,86,10
186,224,10
340,190,10
189,77,10
180,84,10
157,16,10
131,31,10
137,17,10
130,80,10
177,85,10
47,217,10
77,172,10
25,215,10
141,19,10
104,65,10
162,57,10
129,19,10
45,213,10
179,81,10
39,204,10
345,192,10
43,225,10
163,28,10
293,164,10
162,60,10
136,220,10
132,40,10
23,208,10
78,222,10
35,200,10
22,216,10
129,31,10
35,212,10
142,91,10
233,123,10
206,94,10
31,205,10
114,68,10
26,218,10
198,98,10
180,61,10
49,216,10
129,18,10
109,30,10
222,113,10
354,213,10
171,64,10
124,27,10
364,208,10
113,41,10
176,61,10
122,59,10
130,44,10
101,16,10
131,27,10
154,50,10
116,13,10
22,206,10
28,201,10
246,125,10
44,203,10
281,156,10
124,17,10
36,202,10
52,218,10
98,14,10
107,9,10
335,188,10
180,85,10
128,34,10
172,79,10
117,68,10
39,207,10
167,46,10
204,103,10
322,165,10
21,204,10
140,77,10
39,226,10
160,128,10
321,165,10
27,203,10
160,27,10
25,207,10
280,157,10
123,29,10
44,213,10
206,100,10
199,93,10
244,196,10
192,101,10
346,200,10
34,216,10
364,203,10
135,39,10
111,44,10
132,21,10
283,161,10
115,90,10
126,18,10
328,184,10
181,68,10
189,89,10
346,183,10
110,18,10
138,18,10
168,29,10
108,10,10
130,55,10
22,210,10
31,203,10
128,73,10
128,30,10
131,17,10
